Alter table ThreeGramTrans ADD Out double(4,3);
Alter table ThreeGramTrans ADD K double(4,3);
Alter table ThreeGramTrans ADD SB double(4,3);
Alter table ThreeGramTrans ADD DI double(4,3);
Alter table ThreeGramTrans ADD CS double(4,3);
Alter table ThreeGramTrans ADD PK double(4,3);
Alter table ThreeGramTrans ADD WP double(4,3);
Alter table ThreeGramTrans ADD PB double(4,3);
Alter table ThreeGramTrans ADD BK double(4,3);
Alter table ThreeGramTrans ADD OA double(4,3);
Alter table ThreeGramTrans ADD FE double(4,3);
Alter table ThreeGramTrans ADD NIBB double(4,3);
Alter table ThreeGramTrans ADD IBB double(4,3);
Alter table ThreeGramTrans ADD HBP double(4,3);
Alter table ThreeGramTrans ADD XI double(4,3);
Alter table ThreeGramTrans ADD ROE double(4,3);
Alter table ThreeGramTrans ADD FC double(4,3);
Alter table ThreeGramTrans ADD 1B double(4,3);
Alter table ThreeGramTrans ADD 2B double(4,3);
Alter table ThreeGramTrans ADD 3B double(4,3);
Alter table ThreeGramTrans ADD HR double(4,3);


insert into ThreeGramTrans (value_cd, shortname_tx, longname_tx, Out, K, SB, DI, CS, PK, WP, PB, BK, OA, FE, NIBB, IBB, HBP, XI, ROE, FC, 1B, 2B, 3B, HR) VALUES
(2,"Out","Generic Out",0.20098, 0.08316, 0.03286, 0.00382, 0.00125, 0, 0.00288, 0.0176, 0.0035, 0.00093, 0.00016, 0.00016, 0.16026, 0.03932, 0.0176, 0.00047, 0.01768, 0.00732, 0.23859, 0.13035, 0.02733),
(3,"K","Strikeout",0.17758, 0.08544, 0.03397, 0.00671, 0.00061, 0, 0.00264, 0.01831, 0.00386, 0.00163, 0.0002, 0.00081, 0.16904, 0.03031, 0.01546, 0.00041, 0.01709, 0.00386, 0.26078, 0.12876, 0.0299),
(4,"SB","Stolen Base",0.30387, 0.13983, 0.02058, 0, 0, 0, 0.00061, 0.01453, 0.00424, 0.00182, 0, 0, 0.26513, 0.02906, 0.01574, 0.00061, 0.00666, 0.0109, 0.14649, 0.02785, 0.00969),
(5,"DI","Defensive Indifference",0.13978, 0.13978, 0, 0.01075, 0, 0, 0, 0.05376, 0, 0, 0, 0, 0.39785, 0.04301, 0.01075, 0, 0.01075, 0, 0.13978, 0.04301, 0.01075),
(6,"CS","Caught Stealing",0.14286, 0.15476, 0, 0, 0, 0, 0, 0.0119, 0, 0, 0, 0, 0.28571, 0, 0, 0, 0.03571, 0, 0.10714, 0.21429, 0.02381),
(8,"PK","Pickoff",0.38418, 0.16949, 0.0113, 0, 0, 0, 0, 0.01695, 0, 0, 0, 0, 0.20904, 0.02825, 0, 0, 0.00565, 0, 0.11299, 0.0452, 0.0056),
(9,"WP","Wild Pitch",0.25492, 0.15059, 0.00197, 0, 0, 0, 0.00295, 0.01575, 0.00394, 0, 0, 0, 0.31004, 0.05217, 0.01575, 0, 0.00984, 0.01181, 0.12205, 0.03543, 0.00984),
(10,"PB","Passed Ball",0.29208, 0.18317, 0, 0, 0, 0, 0.00495, 0, 0.00495, 0, 0.00495, 0, 0.21782, 0.07921, 0.01485, 0, 0.0099, 0.0198, 0.13861, 0.01485, 0.01485),
(11,"BK","Balk",0.37931, 0.10345, 0.00862, 0, 0, 0, 0, 0.05172, 0.00862, 0.01724, 0, 0, 0.16379, 0.01724, 0, 0, 0, 0.00862, 0.18103, 0.0431, 0),
(12,"OA","Other Advance",0.33333, 0.08333, 0, 0, 0, 0, 0, 0, 0, 0, 0, 0, 0.16667, 0, 0, 0, 0, 0, 0, 0.33333, 0.08333),
(13,"FE","Foul Error",0.25, 0.25, 0, 0, 0, 0, 0, 0, 0, 0, 0, 0, 0.33333, 0, 0, 0, 0, 0, 0.08333, 0, 0),
(14,"NIBB","Nonintentional Walk",0.24232, 0.09272, 0.0459, 0.00418, 0.00092, 0, 0.0051, 0.02315, 0.00536, 0.00209, 0.00026, 0.00026, 0.14542, 0.00039, 0.01818, 0.00013, 0.0221, 0.00458, 0.27723, 0.09115, 0.01282),
(15,"IBB","Intentional Walk",0.23899, 0.13679, 0.02201, 0.00314, 0.00157, 0, 0.00157, 0.02358, 0.00629, 0.00786, 0, 0.00157, 0.19654, 0.01258, 0.04403, 0, 0.02358, 0.00943, 0.19654, 0.05975, 0.00472),
(16,"HBP","Hit By Pitch",0.26114, 0.09119, 0.03627, 0.00207, 0.00311, 0, 0.00104, 0.01969, 0.00518, 0.00104, 0.00104, 0.00207, 0.13575, 0.00104, 0.02798, 0, 0.01762, 0.00518, 0.28705, 0.08912, 0.01036),
(17,"XI","Interference",0.28571, 0, 0, 0, 0, 0, 0, 0, 0, 0, 0, 0, 0, 0, 0.28571, 0, 0.14286, 0, 0.14286, 0.14286, 0),
(18,"ROE","Error",0.29676, 0.11164, 0.03053, 0.00668, 0.00191, 0, 0.00286, 0.01908, 0.00477, 0.00095, 0, 0, 0.11641, 0.0105, 0.00954, 0.00095, 0.02195, 0.00477, 0.26622, 0.07729, 0.01336),
(19,"FC","Fielder Choice",0.25, 0.08013, 0.03846, 0, 0, 0, 0.00641, 0.02885, 0.00641, 0, 0.00321, 0, 0.16346, 0.04167, 0.02244, 0.00321, 0.01603, 0.01923, 0.24359, 0.05769, 0.01282),
(20,"1B","Single",0.24882, 0.09061, 0.04956, 0.00563, 0.00198, 0, 0.00467, 0.02443, 0.00473, 0.00281, 0.00019, 0.00032, 0.12175, 0.00588, 0.01675, 0.00013, 0.02123, 0.00889, 0.28245, 0.09234, 0.01151),
(21,"2B","Double",0.44074, 0.09969, 0.01256, 0, 0.00015, 0, 0.00199, 0.02757, 0.00582, 0.00199, 0, 0, 0.08683, 0.05375, 0.01485, 0.00015, 0.01225, 0.01164, 0.18668, 0.03323, 0.00781),
(22,"3B","Triple",0.36873, 0.23552, 0, 0, 0, 0, 0.00193, 0, 0, 0, 0, 0, 0.2027, 0.03668, 0.03282, 0, 0.00579, 0.00579, 0.05019, 0.03668, 0.02124),
(23,"HR","Homerun",0.2777, 0.10216, 0, 0, 0, 0, 0, 0, 0, 0, 0, 0, 0.10504, 0, 0.00863, 0, 0.01007, 0, 0.22014, 0.19856, 0.04748)
